801
2696
9630
9234
4833
3216
643
7796
1495
7594
2263
3948
4859
5678
1210
9098
2126
3291
3503
3057
8667
1295
5440
3289
1240
3650
9681
3633
8844
5392
434
2991
4171
3473
1005
213
5964
8311
4976
5650
2075
7155
6053
2338
5563
6613
8668
5396
1331
2462
8202
7798
1737
547
714
126
4237
640
3266
2791
8188
5511
5569
7670
324
4500
8613
4793
9623
6030
8313
4459
3305
6412
2923
2230
7284
9473
8139
9301
1147
1701
2479
1733
9387
4530
5059
5480
2893
7528
7790
4933
5112
8557
2257
7775
675
69
1144
2832
8984
5993
19
354
916
2823
9694
6074
9867
5302
5467
1666
1353
7252
3330
8962
3187
1103
3951
7434
2892
2780
3353
2702
1651
2407
8691
2125
8330
1543
2731
8752
2625
3469
80
5388
7425
5465
5537
4372
1621
4889
1
3071
7554
4944
7430
8033
4231
9230
6368
8600
3615
2097
7607
5542
4163
2536
5501
8165
1773
9872
5202
1052
6200
2557
9479
5549
211
6119
490
663
5252
7422
3088
7647
7961
7947
5024
343
281
8180
4812
6328
6170
8795
7403
4721
779
7909
9730
6555
8449
4802
1761
4856
1600
5982
2601
568
7791
1763
6507
3992
1358
9128
7724
8551
1123
6746
6148
5990
783
4117
9222
1964
528
2990
9178
2403
4751
8833
3718
8450
6554
307
8635
7544
2188
8467
9884
9794
7736
9490
1001
7273
2485
9387
8345
5147
9939
7984
3158
7284
3996
9427
6498
8041
1701
8574
2856
9168
7267
3072
6798
5279
7675
3061
1926
5520
7426
240
6019
7150
211
2823
88
4896
287
7772
1772
9134
7438
6467
1002
2532
2803
4980
4741
4514
6782
6159
8137
8285
8044
8391
2700
4854
6697
3485
4180
3253
2485
2490
3922
7698
2211
6808
4315
815
8526
2078
5592
501
6263
8614
6499
5594
4538
6876
5922
7516
2911
2997
5120
2893
9036
7001
5318
2682
6199
8079
4409
4266
5624
9172
7917
9504
2829
2616
8696
476
2952
3765
401
6068
1683
8380
9015
6666
9476
9774
4221
8923
6107
628
1907
7236
2152
7387
5584
4080
8121
6895
8651
8050
5025
2659
9849
6300
7461
8347
4273
2154
5136
6150
4076
7038
6422
7211
8248
3417
8757
2014
1723
2082
8199
7615
9236
4582
7508
4384
7645
6204
9925
1617
3148
819
2435
8442
5481
3691
2094
1924
3995
6845
6825
4
8011
3608
3603
2805
8138
4169
1920
3665
4494
2950
7446
5676
3047
7175
7444
9341
5216
3457
5308
409
2546
1233
7218
2733
9106
2369
3836
5720
8362
9338
2857
1908
5396
7638
6110
4751
467
5088
8459
5418
7788
6443
909
2525
1378
1115
8380
8532
880
5652
2132
667
1646
5374
4514
1953
8567
8530
9636
4220
9841
2291
6339
953
4283
8859
3116
8030
1861
2241
8857
2302
7849
7252
1327
9063
6343
7047
193
844
3790
6713
6657
5962
6775
7647
150
8634
7547
6017
8666
2338
4357
7982
2394
8199
3506
9964
2081
1492
5093
8480
5182
7296
4039
4118
1281
4222
2348
3758
725
8982
3856
8019
1463
9820
8816
5513
4132
154
37
946
9121
9743
9786
5758
5124
5299
3407
5229
8864
5158
5543
7905
3054
580
28
3973
9974
7799
3971
420
3357
3737
2569
535
6040
8275
6796
959
4655
2135
1238
1707
8685
167
8692
5270
9476
8705
3990
9905
3309
8023
3839
9737
9389
4351
5419
2372
5539
4596
7248
1741
3230
8118
8541
9561
6347
2917
5856
8645
2459
6421
6068
622
8595
9550
4551
3661
6334
2099
3289
1261
237
1853
16
1658
9759
8548
4681
2728
907
9129
7113
4461
1114
2659
4161
7580
2690
4
3056
7007
6524
6423
450
2752
6775
3768
326
4868
9814
8063
4126
1332
372
2779
3727
6090
6120
9448
4505
3716
1427
7308
800
9464
3238
1539
7896
6901
5633
5477
3919
7105
230
9889
2901
9060
8220
4121
5943
6544
4944
7017
4712
8620
9509
3477
4336
8636
2268
8350
7775
8318
2527
9488
1194
9827
5111
7163
4070
3095
2813
6044
1411
5247
8861
2552
9039
5903
6215
3476
4588
1798
1328
2692
9403
5958
2085
8558
5175
4179
6959
3946
6783
2664
2770
5913
5195
1776
6703
5566
4640
5528
8490
1693
9166
2414
7446
2847
8022
5109
5387
8287
6969
5833
8954
5828
6956
1929
279
4187
8504
7734
5701
1137
1165
294
4128
2714
7431
6053
3524
5681
6681
569
5771
4156
9989
3937
6419
1290
2973
9561
189
7612
2516
124
2690
7918
4462
3975
5760
913
8406
230
6562
3654
622
2573
6830
1112
9937
5829
1752
3079
6341
2721
6036
9629
4956
5852
3977
2558
1449
1265
3329
2609
5823
4197
9868
4245
6901
3989
4132
1666
9798
6360
8171
9358
3301
4385
7776
2712
9886
9620
1025
2164
3096
4770
8458
3795
6838
4339
716
1407
717
6542
9625
3840
9231
5064
4668
4142
8726
8439
3909
7443
6188
1953
98
1228
9783
4358
4345
700
8818
6294
3169
2845
1414
9633
6593
4628
1433
3594
1088
3183
6029
2903
4412
126
7816
3191
9366
3244
4707
1904
906
40
972
564
3548
7380
967
2943
142
1609
6145
1168
9534
5525
9892
6513
3308
5858
2263
6789
666
6164
4397
2222
2764
3199
4158
728
5902
9443
3762
5029
4437
6117
1945
549
1597
4891
7912
6913
4114
7699
639
1748
7787
2593
6982
4280
6432
4451
1428
2761
8460
5906
546
1815
1517
4967
8356
8141
7960
4360
4743
9657
8938
78
2057
4184
810
1012
4641
2655
7146
1534
5247
8088
8251
803
4190
4695
7200
3337
9238
5784
4107
2364
2014
6424
6580
2346
3103
8524
7017
9454
4260
8257
5518
1927
1614
785
5925
2532
1123
6703
4857
4014
2598
4543
6196
4754
338
4501
6849
8153
3632
1080
5644
6198
8200
2675
4917
5516
6835
7608
7139
2250
2959
6065
5397
3939
5788
932
4163
2654
5588
9650
1268
951
7480
6269
3529
5840
1525
4772
1286
1944
8389
5164
2961
7845
4081
1628
1827
9409
1124
7669
4571
2607
2747
8460
3154
1496
8169
4822
8953
7782
2423
4607
8926
2157
953
1590
9150
6769
6747
5481
6740
3048
5722
8408
1855
364
6943
7577
66
6604
3190
3751
7957
9105
4365
4583
4697
2601
9479
7130
2329
1825
337
8088
6124
963
492
2751
2487
9801
41
3559
8078
9885
8467
2321
6587
2352
8597
1148
5335
2643
1020
2707
2406
6421
1447
7126
1392
8857
7068
7763
1353
5939
9764
2738
3281
3423
822
1594
2855
9597
4625
8179
2441
5405
4899
4569
9255
3684
8023
1497
4422
1800
2667
7259
6896
3630
2095
8493
6072
3373
4026
4664
9547
5662
3238
5200
2898
771
9963
7405
2004
737
4650
3057
3097
2075
3151
9670
1465
4028
1274
1861
5122
9873
8967
3013
8360
929
7881
9359
2647
9177
3541
6010
9653
6328
2298
3111
2195
6036
4079
7659
8017
8904
4213
2324
6593
1947
4604
6346
6323
5133
3553
3252
5296
128
564
7652
5331
801
359
5360
4753
8210
307
6494
4921
4917
2773
3595
9447
2150
1190
1064
6866
7686
1288
1665
3781
6320
1467
8923
3675
2234
1392
9754
7219
8970
1061
1324
1091
8546
4079
9142
5289
826
1622
984
2797
5592
7546
3583
8290
6910
7331
4456
8027
8096
2694
5724
2506
2368
6867
9852
3908
9240
523
74
7552
1123
7055
4625
7214
905
6276
8515
7716
341
5555
7789
1603
4517
4989
3528
3145
5790
5227
3615
576
1001
9251
7128
2964
9357
1943
4386
9457
330
3031
6233
7066
6415
3606
1416
374
8505
4827
1867
4709
2809
7854
9312
5025
4577
7586
7402
720
2555
3522
7250
6053
2277
7524
9082
7686
3596
4506
4751
6776
3444
2903
7563
5990
8786
6462
179
9425
4775
54
6036
2097
761
8747
9605
6074
3151
5278
681
7226
5832
1356
4771
8974
9929
2683
8630
8660
274
2961
4456
460
9371
9919
8195
7351
5008
5131
6568
5745
9366
5051
1424
1916
4073
7549
8368
9666
1555
2644
968
9787
5371
8908
888
3295
5816
5134
783
8131
4961
4352
3986
2432
5426
180
1622
3106
1165
4720
9898
1276
2762
9598
9587
56
8444
7033
4549
4684
5650
9992
251
8153
8855
8695
4932
9228
3815
8385
4266
9367
8366
5098
9456
5178
8254
6729
3463
9339
1548
9314
9069
4165
8920
5425
2659
3724
56
323
4633
190
1888
1806
8856
7893
6383
8370
9707
602
4473
8791
2587
35
2509
8565
1590
8957
5938
6818
6587
469
8019
6949
8789
8575
3683
6970
6050
6314
7839
9311
3230
2875
8047
6395
9265
8373
4825
7790
8721
683
5154
3716
2261
2972
2033
5187
9544
4141
3699
8451
2678
9828
2724
9773
3334
6704
9472
9692
7588
3046
9222
64
8362
423
7654
1138
6106
5037
9703
9618
8347
1252
2087
5468
829
2261
9648
5097
3290
5646
1603
7089
748
189
340
8510
9797
2123
4674
6715
5471
3893
8081
6236
7152
3542
4486
7047
5193
929
1550
8512
8491
6617
8028
691
3911
227
5757
4938
8017
6947
3161
2575
9264
4308
968
4811
9812
6276
1326
8444
4276
7387
2389
4869
4580
124
6309
3519
4128
6179
9795
6685
3479
8991
2643
126
2054
9865
1403
2716
1679
914
8630
5409
3591
4476
6194
6153
5113
7246
7367
4146
4522
6187
6899
208
4282
6316
4103
9693
1027
4026
2872
8061
7922
568
7570
9360
4735
892
8928
481
5514
6446
9344
8524
3140
8441
8519
4028
8167
735
833
2865
5683
9066
6482
8960
6054
6076
7678
2229
3048
9384
8706
4196
2800
7097
3373
7117
9686
6640
4174
7758
3109
3819
7435
4882
3148
1633
6651
3735
2866
6010
513
3598
3572
1819
8949
4507
9181
4927
2465
4412
5728
7473
2229
694
997
5319
6583
4666
3838
7272
8298
9159
2436
7597
7642
2473
8867
9397
2402
3952
3951
3251
2058
1147
1313
9186
288
6211
6930
5849
9841
724
2146
538
7860
9846
8581
6484
2292
1690
8780
328
6408
976
1036
6488
881
9461
6012
6491
6159
6009
5664
9390
4336
2190
77
1237
5062
8621
8632
191
8516
5331
9232
6374
8085
2953
1893
7397
9529
7057
9587
6645
5932
9132
5919
7120
4357
504
3884
9159
9368
1063
1723
8175
2056
3243
8829
3333
5437
2941
1173
2595
9710
8045
5791
5082
6171
6035
8488
5647
8537
4164
872
9827
3706
4352
275
7466
5321
1480
3671
9180
8416
9806
994
5898
4982
852
8420
9753
2535
8390
9005
8250
2305
5012
259
7498
3913
3464
6721
8836
3673
8470
799
1221
3478
5168
9482
536
433
7945
6721
8623
9050
3713
7195
3235
5308
4511
1992
5475
3034
4206
5330
1448
868
3246
3935
8201
4597
5931
950
7882
8075
5963
9612
335
6852
5184
9338
5967
6066
1181
2589
4676
7739
6949
7001
990
688
2608
5130
4199
4312
5863
2761
1745
7400
2574
3960
9388
8145
8097
9834
6196
4902
167
4242
9686
3704
8307
8182
7283
4208
3402
8815
3549
1672
5215
2176
9935
4470
409
5041
4666
2950
1126
4199
3449
9491
5209
8929
8374
8786
574
9570
1173
5868
1966
1078
6030
8741
127
4754
3400
9309
8771
2365
1505
8531
2672
1061
7514
9825
8128
5951
8607
2856
6670
9535
821
7737
8961
2496
9611
7740
5238
4560
4147
2577
1493
6699
6154
3889
3478
7379
4995
2496
3580
905
2370
2081
3935
5834
1219
4741
4792
9753
7947
4850
3589
9061
2007
7660
780
550
4801
9107
6764
8554
1824
7993
9312
1238
7983
1406
5693
635
390
8602
2122
343
3124
1174
4943
7381
2479
4423
8549
7474
6338
3992
2653
6221
580
4563
2301
5450
345
9147
3718
5922
1730
697
9537
1595
9072
2834
9095
2416
1030
6929
9136
3965
3964
4694
6323
5929
2752
1034
8188
8815
7111
7550
6571
8827
4864
8399
3705
2878
8314
4168
8694
1646
3468
3749
3326
4446
5826
8543
4122
8469
4584
2120
658
653
5742
7909
6464
7402
5547
4499
1088
5092
8526
7063
3763
2579
2160
8758
4179
343
1093
8158
1665
6849
8706
5519
1466
9234
7400
5130
2040
9214
3982
9572
4964
6475
5405
4886
4362
3788
9700
517
629
1189
3420
2809
9257
90
2518
7164
8111
1960
4145
5377
8602
8448
3335
6894
5449
2715
327
583
8406
9455
445
5560
2987
2525
5165
5967
9476
2867
5872
9764
9087
2805
741
4246
2512
1395
8360
7716
4929
4871
7855
2692
2615
8125
929
3139
9664
1599
2290
9994
9896
5772
682
8377
9642
4485
5203
8467
5827
68
6193
7013
9043
1768
7020
980
477
4561
2824
1410
2094
2757
3846
7821
1994
3405
4035
2276
993
1456
7694
7287
2689
3289
9831
2170
2741
2919
8211
1621
9580
6161
7004
8603
2164
6644
3253
2533
404
1306
9244
8667
4441
6537
8616
2718
8072
69
2993
7045
483
8067
3198
1953
9639
7291
5882
4623
1185
696
7472
2058
6272
3312
278
9963
4614
2219
6310
1214
2361
2834
8534
258
2086
1333
7993
3820
117
1128
2591
2553
4295
2459
5863
8286
9116
1509
773
8285
7905
5724
5023
9735
2358
3444
5425
7832
5374
9010
1280
1219
8799
1499
2300
8203
218
4014
7038
8380
9908
7962
2721
7524
6611
7437
2333
8673
7109
5851
7438
6551
201
1767
2403
7230
4753
3073
1555
3350
8351
6108
4586
1640
5708
3642
1024
6827
7319
2679
9931
3872
7947
9087
3099
6634
9242
3213
2387
2909
7349
9857
5415
6130
3069
1740
3249
7748
2676
459
6462
8090
3885
1214
8965
5713
1634
948
7160
8374
9060
5765
3427
925
2044
1899
6577
8336
352
2766
2589
1704
226
8299
5110
4033
7346
9216
4956
9053
1284
4759
1608
9191
1212
9676
6648
450
998
4860
7767
2430
6018
6620
1242
4727
1196
8403
9351
938
2602
1717
5249
6196
3246
3453
6974
1176
7883
6871
297
7997
7589
8311
4643
3666
4913
2345
4149
3199
9051
342
7584
8969
1543
5119
2949
1714
7375
5802
5041
651
7818
8870
6528
9782
2174
6812
6627
5916
188
9492
8107
2872
7098
1873
6165
1934
6911
7978
4560
8844
8295
7286
6121
6139
8981
1923
3672
7569
8824
2835
4851
9655
6374
7620
8112
3250
4662
1931
1256
7712
1002
2172
279
9873
5705
9336
8608
9584
5978
5395
2286
1916
9244
5856
709
5319
3635
4364
8422
4026
2220
980
8897
1539
8626
8036
9781
3164
3609
4957
8307
7337
9784
9410
6065
6574
3924
6336
1002
3770
215
1943
674
1237
8191
9353
1688
8097
3954
7677
4532
9807
1871
2336
9023
6882
4705
8858
3778
1672
3837
7240
9095
5194
1434
1163
4444
321
5568
1053
5174
5139
5960
779
4929
4057
8372
7491
7205
5230
6648
2459
357
4838
485
8732
81
2440
23
5705
908
6042
2260
80
5656
7128
1940
747
2044
5536
5120
1603
8631
6268
2515
3635
6031
845
5422
7204
2978
9153
6440
9226
7742
481
1442
7514
5404
3306
9944
3670
4902
2198
7731
2503
6985
3877
7835
8870
9942
525
4954
2919
7011
6460
4236
2402
4527
4165
6114
4671
9650
1311
4326
2845
7922
7510
9929
320
4386
427
9352
8005
6629
1759
4253
4834
6752
4248
3986
7503
4254
5773
432
1163
2381
9396
4662
8781
6149
6309
692
5816
2537
2219
6839
5017
6598
2935
8415
7712
4264
3808
444
7305
6572
1195
1288
1638
4048
6642
1677
1899
1143
5524
2023
3045
2057
9978
852
4759
7430
3857
3768
867
6267
2441
4622
2978
3517
5385
9096
9504
8595
3900
9063
7495
4448
2588
950
4102
1021
4185
1377
5965
901
8006
3539
1720
9498
5793
7053
8326
4902
2749
2466
3604
732
2910
9439
8011
156
6640
4200
6355
741
3140
206
322
2500
8535
7836
8150
4491
8209
257
4842
222
9079
88
9480
7606
4110
4786
3660
8760
2045
5141
5616
5712
621
1310
2073
6503
9952
2579
7997
2307
5675
4643
3344
8765
289
4798
4698
3502
4509
8993
9206
1651
1691
6745
7977
4224
6212
649
1965
7537
1973
7911
4426
3163
2731
4080
1520
1472
1693
1324
1795
226
3589
6732
8067
7535
1916
4992
7526
5450
6081
1557
8404
8539
7814
2347
1456
9788
9144
405
3262
8052
536
6602
1909
2641
7915
3000
9763
2302
8970
7192
4407
7844
503
1452
1599
4381
5005
8933
7758
1795
4978
1458
3562
4455
908
6706
3999
5550
2909
9834
6931
3670
2652
8274
1303
9926
9649
4266
1623
3107
3277
5067
8127
4671
6132
9800
8089
5675
4792
1474
7847
2221
1587
1915
9513
9870
2496
2130
6140
6650
7911
1197
8624
538
8787
6149
9908
8782
1474
5755
6607
9715
2808
7992
5982
4709
7280
3539
3669
5374
3185
3915
276
9453
3032
4372
7656
7889
1160
5535
6298
3876
7723
1601
5112
2133
9651
5301
3902
3085
401
9710
1185
836
3521
1413
5976
2508
8976
4657
4967
6298
2396
2132
361
629
5350
8113
7625
4551
3878
6748
8061
9456
5740
6298
912
970
6862
2456
8986
8568
9603
8391
2686
1031
8042
4516
4913
6854
7448
3238
5586
4082
4524
6449
4714
4746
2081
3751
3408
8050
5199
3758
2297
6002
8238
5645
2843
4846
1433
9375
3133
8577
6539
2618
8557
34
4136
1322
2429
6777
6890
1799
6971
8459
4327
8341
4619
6784
3803
3225
2067
886
3224
5913
1330
6782
2950
5100
5422
9428
2824
353
9626
9325
7661
6924
880
2921
1968
6859
5424
7079
4429
7222
8309
6264
3599
4293
9664
2235
2459
2731
3236
824
6243
6896
8077
2793
2280
5373
669
785
7567
465
6805
7392
4910
304
2604
3919
1860
7802
7295
7814
5218
3754
2581
6238
4154
3909
878
8576
9186
3234
2055
4763
7141
6473
7245
8453
2038
3716
4972
7913
4818
8994
5394
9551
5953
6282
3637
3785
1673
3613
7437
7065
3039
2516
3407
3792
5930
5864
8583
2417
1542
8241
3826
6964
4674
2950
8661
3159
4007
4419
9550
7087
1605
7145
6997
4716
939
7759
7694
